101 10 0 0
100 11 0 0
100 12 0 0
100 13 0 0
101 14 0 0
102 100 0 0
111 100 0 0
102 121 0 0
111 122 0 0
101 100 0 0
100 101 0 0
100 102 0 0
100 103 0 0
102 101 0 0
112 0 0 0
111 101 0 0
103 105 0 0
112 0 0 0
103 104 0 0
101 105 0 0
103 104 0 0
100 104 0 0
103 105 0 0
102 114 0 0
103 103 0 0
101 104 0 0
103 103 0 0
100 103 0 0
103 104 0 0
102 113 0 0
103 102 0 0
101 103 0 0
103 102 0 0
100 102 0 0
103 103 0 0
102 112 0 0
103 101 0 0
101 102 0 0
103 101 0 0
100 101 0 0
103 102 0 0
102 111 0 0
103 100 0 0
101 101 0 0
103 100 0 0
100 100 0 0
103 101 0 0
102 110 0 0
112 0 0 0
111 110 0 0
108 110 11 12
108 110 110 13
108 110 110 14
108 111 11 12
108 111 111 14
108 112 10 11
108 112 112 12
108 112 112 13
108 112 112 14
106 110 0 0
106 111 0 0
106 112 0 0
114 0 0 0
102 101 0 0
112 0 0 0
111 111 0 0
108 110 13 14
100 111 0 0
108 112 10 11
108 112 112 12
108 112 112 13
106 110 0 0
106 111 0 0
106 112 0 0
114 0 0 0
102 101 0 0
112 0 0 0
111 112 0 0
108 110 11 12
108 110 110 13
108 110 110 14
108 111 11 12
108 111 111 13
108 111 111 14
108 112 10 11
108 112 112 12
108 112 112 13
108 112 112 14
106 110 0 0
106 111 0 0
106 112 0 0
114 0 0 0
102 101 0 0
112 0 0 0
111 113 0 0
113 110 11 0
100 111 0 0
108 112 10 12
108 112 112 13
108 112 112 14
106 110 0 0
106 111 0 0
106 112 0 0
114 0 0 0
102 101 0 0
112 0 0 0
111 114 0 0
108 110 11 12
108 110 110 14
108 111 11 12
108 111 111 14
108 112 10 11
108 112 112 12
108 112 112 13
108 112 112 14
106 110 0 0
106 111 0 0
106 112 0 0
114 0 0 0
102 101 0 0
112 0 0 0
111 120 0 0
114 0 0 0
114 0 0 0
114 0 0 0
114 0 0 0
114 0 0 0
115 0 0 0
115 0 0 0
115 0 0 0
106 10 0 0
106 11 0 0
106 12 0 0
106 13 0 0
106 14 0 0
114 0 0 0
114 0 0 0
114 0 0 0
114 0 0 0
114 0 0 0
112 0 0 0
111 121 0 0
103 10 0 0
102 130 0 0
103 11 0 0
102 131 0 0
103 12 0 0
102 132 0 0
103 13 0 0
102 133 0 0
103 14 0 0
102 134 0 0
102 122 0 0
112 0 0 0
111 130 0 0
103 11 0 0
102 120 0 0
103 12 0 0
102 120 0 0
103 13 0 0
102 120 0 0
103 14 0 0
102 120 0 0
102 122 0 0
112 0 0 0
111 131 0 0
103 10 0 0
102 120 0 0
103 12 0 0
102 120 0 0
103 13 0 0
102 120 0 0
103 14 0 0
102 120 0 0
102 122 0 0
112 0 0 0
111 132 0 0
103 10 0 0
102 120 0 0
103 11 0 0
102 120 0 0
103 13 0 0
102 120 0 0
103 14 0 0
102 120 0 0
102 122 0 0
112 0 0 0
111 133 0 0
103 10 0 0
102 120 0 0
103 11 0 0
102 120 0 0
103 12 0 0
102 120 0 0
103 14 0 0
102 120 0 0
102 122 0 0
112 0 0 0
111 134 0 0
103 10 0 0
102 120 0 0
103 11 0 0
102 120 0 0
103 12 0 0
102 120 0 0
103 13 0 0
102 120 0 0
102 122 0 0
112 0 0 0
